0,447
0,446
0,445
0,1
57,4
57,3
57,2
57,1
57,0
0,444
0,443
0,442
0,440
56,5
56,4
56,3
56,2
56,1
56,0
0,268
0,439
0,438
0,437
0,436
0,434
0,431
0,252
0,430
0,429
0,428
0,421
0,420
0,418
0,441
0,283
0,56
22,34
22,33
22,32
22,31
22,30
22,29
22,28
22,27
22,26
22,25
22,24
22,23
22,22
22,21
22,20
22,19
22,18
22,17
22,16
22,15
22,14
22,13
22,12
22,11
22,10
22,9
22,8
22,7
22,6
22,5
22,4
22,3
0,6
55,4
55,3
55,2
55,1
55,0
0,426
0,0
0,245
0,244
0,423
0,422
0,419
0,417
54,3
54,2
0,232
54,1
54,0
0,416
0,415
0,411
0,410
0,409
0,407
0,405
53,3
53,2
53,1
53,0
0,398
0,396
0,207
52,3
52,2
52,1
52,0
51,3
51,2
51,1
51,0
50,4
50,3
50,2
0,307
50,1
50,0
0,391
0,390
0,194
0,297
49,4
49,3
49,2
49,1
49,0
0,55
0,387
0,279
0,269
48,5
48,4
48,3
48,2
0,265
48,1
48,0
0,264
0,263
0,257
0,256
0,253
0,251
47,3
47,2
47,1
47,0
0,240
0,239
0,238
46,6
46,5
46,4
46,3
46,2
46,1
46,0
0,228
45,4
45,3
45,2
45,1
45,0
0,408
0,221
0,404
0,403
0,214
44,5
44,4
44,3
44,2
0,401
44,1
44,0
0,397
0,204
0,393
0,392
43,4
43,3
43,2
43,1
43,0
0,5
0,197
0,317
0,63
0,62
42,4
42,3
42,2
42,1
42,0
0,52
0,50
0,315
41,4
41,3
41,2
41,1
41,0
0,45
0,201
0,308
0,198
0,302
40,4
40,3
40,2
40,1
40,0
0,318
0,389
0,388
0,59
0,290
0,316
39,5
39,4
39,3
39,2
39,1
39,0
0,385
0,49
0,313
0,48
0,312
0,277
0,384
38,5
38,4
38,3
38,2
38,1
38,0
0,267
0,266
0,262
0,261
0,260
0,386
0,259
37,6
37,5
37,4
